cs:
  cs: 1
  st: 0.01
  ft2/s: 0.000011
  m2/s: 0.000001
st:
  cs: 100
  st: 1
  ft2/s: 0.001076
  m2/s: 0.0001
ft2/s:
  cs: 92903
  st: 929.03
  ft2/s: 1
  m2/s: 0.032903
m2/s:
  cs: 1000000
  st: 10000
  ft2/s: 10.76392
  m2/s: 1
