kg/h:
  kg/h: 1
  lb/h: 2.204586
  kg/s: 0.000278
  t/h: 0.001
lb/h:
  kg/h: 0.4536
  lb/h: 1
  kg/s: 0.000126
  t/h: 0.000454
kg/s:
  kg/h: 3600
  lb/h: 7936.508
  kg/s: 1
  t/h: 3.6
t/h:
  kg/h: 1000
  lb/h: 2204.586
  kg/s: 0.277778
  t/h: 1
